$ 1 0.000005 10.20027730826997 50 5 50 5e-11
w 368 160 384 144 0
w 384 256 400 256 0
x 374 138 445 141 4 14 PWR_SW\p
x 407 265 474 268 4 14 PWR_SW-
x 234 392 280 395 4 12 Kevin\sYe
x 234 376 507 379 6 24 IR\sPC\sRemote\sSchematic
R 272 288 224 272 0 0 40 3.3 0 0 0.5
x 180 251 276 254 4 12 Arduino-IR\sOutput
x 361 295 513 298 4 12 NPN\sBJT\sto\scontrol\sthe\srelay
g 352 304 352 320 0 0
t 320 288 352 288 0 1 -3.5332268459437586 0.7389997529786132 100 default
R 352 160 352 112 0 0 40 5 0 0 0.5
178 384 256 384 160 6 1 0.2 -0.0352716539115724 0.05 1000000 0.02 20 0.015 0.005 1
r 272 288 320 288 0 1000
d 320 160 320 256 2 default
w 352 160 320 160 0
w 320 256 352 256 0
w 352 272 352 256 0
